4451
835
1933
907
4603
1648
2449
3231
3511
4014
4093
3175
4740
3946
4969
2081
2677
4607
233
3040
724
3021
1474
4612
729
4783
229
2308
34
1444
3814
4697
1564
2814
537
3184
3447
1903
4409
1484
2159
4638
3515
1682
470
3080
1056
1468
2001
3651
1970
3694
3489
1283
313
1430
4361
2321
178
4820
1419
141
3197
2068
201
4396
1612
1927
3409
1786
3633
774
199
3748
882
1085
4506
4791
4142
2649
3727
3761
308
1383
4474
121
1208
281
2501
4106
3822
1127
1726
4588
66
2018
1441
1447
1481
1073
1469
4128
3058
215
18
1196
3495
4740
401
4227
1924
4570
3178
2529
1093
2657
4832
1815
2594
81
3188
1331
4426
4302
2963
2507
4048
610
3683
3863
4643
3059
3311
3070
1180
4599
703
93
1366
3278
1625
1468
4879
3273
2183
4252
2949
4196
3496
2408
2186
4626
3853
1401
2884
138
4702
3756
2251
2510
2148
2886
1057
1538
4583
3865
1259
108
1349
1494
1955
4739
450
4315
3455
1721
1451
1153
2120
3711
4558
4851
2113
1276
1678
18
4205
1910
186
1043
4896
1947
2842
3855
1130
3739
412
3342
3689
3318
2993
2841
2847
2003
454
2446
4176
4538
2945
1164
3686
3550
1636
3540
2951
2297
773
4781
4860
4566
4659
4348
4921
307
1597
8
1898
1594
3185
4716
1310
3109
2463
3801
719
1718
2004
111
823
4231
841
4667
3965
4022
2356
1347
311
4301
904
3833
2967
631
3482
4123
3658
3644
2919
2541
406
446
548
2583
1353
3228
4854
578
1087
2834
2822
1234
293
662
3958
629
3725
4992
384
900
2950
251
4697
2596
691
4352
1749
679
4626
3339
144
2074
3798
4462
4705
378
3683
3258
3315
737
4167
1779
260
2476
1480
4669
3541
2306
1672
2854
399
3666
3261
2020
4591
155
749
2952
1892
2000
1479
4175
952
2747
2691
748
2436
830
956
3581
1945
467
1677
4646
1732
1171
4991
2221
1117
1021
812
4443
4007
1773
2941
1477
3813
1778
4870
4550
4629
732
1366
1315
4257
4992
828
2512
4785
732
2233
2711
1350
3090
910
4931
1989
3614
289
3421
164
3527
1836
872
1189
2036
168
4179
4805
1215
1935
659
960
1406
3952
1213
4100
363
389
1739
344
2479
2435
385
3787
3100
3094
917
863
3010
4487
199
1489
1450
4386
1102
3896
495
127
2222
4824
1649
2706
3571
3796
1575
1752
4943
4138
4696
831
1627
3226
3549
3077
2685
1093
1451
2084
3088
3941
4251
3316
1796
1727
1737
4169
4509
2019
2850
2317
3606
237
3167
1915
3695
4772
3864
1588
2213
1349
3150
1779
1167
2179
2860
1973
2940
3372
1701
10
2445
3410
2038
3281
574
3333
911
1844
2060
2405
2242
2925
1288
2380
2225
1391
59
1635
4382
2913
2228
4862
4871
1739
791
2472
2149
4617
3866
4764
1230
1137
318
2841
4871
197
3198
4886
1341
363
3861
2021
4528
4807
4106
226
491
3787
4954
1469
1914
1305
3990
3788
2781
2583
3538
299
2490
3101
1184
1293
2977
2295
1176
1106
2607
3447
2508
2029
3193
173
294
4020
4051
208
335
65
2632
565
1982
3361
4663
2398
2851
4924
2146
1530
60
2289
1658
2900
2396
3239
4178
2569
4043
2234
3632
3001
2619
2044
1279
2925
3276
1741
1011
4970
4736
2574
2248
3474
2666
1925
1120
2823
1630
580
4444
1251
3959
1078
3387
220
371
293
2777
2054
4841
1483
1164
3100
1433
4631
2946
4937
2082
1738
4121
1110
3914
2176
1793
2486
41
3184
234
471
2120
1356
939
3464
2790
2382
4042
1542
3657
1060
2555
2984
3964
3956
130
3254
1410
4148
2042
3035
3979
1182
741
4891
1459
3334
2337
1784
4284
902
180
2187
59
2306
4934
3486
544
2700
311
4050
590
1404
1281
1023
4183
1138
2146
4957
2047
3539
1076
892
1143
2199
1492
938
616
1048
2005
4455
45
2258
2258
2756
880
369
2925
1659
4022
1644
2710
3710
3837
2991
2446
2575
4901
4717
709
322
1188
2379
4737
746
4825
4287
1045
2860
814
3997
2870
4496
695
855
4005
3331
4146
3525
144
3815
3212
488
936
404
829
2366
2055
3151
4753
3917
1037
899
339
1684
3268
2666
2521
1512
2930
1592
4324
65
845
26
3773
3214
3015
2982
3985
4115
3428
1376
4573
1894
2109
701
1444
4334
4916
2460
2233
2893
3107
1897
2960
1972
4157
4011
2587
1340
810
2635
595
3551
4491
3148
4642
911
1630
2614
4350
4073
4166
639
489
4660
1325
3445
4575
2567
1222
3187
1595
471
4359
1431
1958
3947
2065
1801
4057
4004
395
2645
3305
794
782
1023
2403
3960
1058
534
2704
2303
3109
3159
3726
2469
1409
3300
648
713
4435
21
119
2623
1040
125
4191
3060
1191
695
3845
4828
3557
347
3678
1522
2333
4694
3879
302
1043
615
1509
688
483
4292
2361
1200
2705
4489
2539
3765
1154
3345
4568
375
2526
682
4754
657
1831
4343
2770
364
1689
2875
3745
2763
4481
2204
136
1714
4420
346
4669
3820
3511
4430
2140
1747
2764
2991
355
1701
3156
81
3675
213
778
3303
3995
1651
4940
3222
3471
1700
2844
1146
3999
2607
548
4597
1719
501
4353
825
4344
809
3675
748
1863
3096
3542
3008
2892
3839
3988
1069
2207
1609
4200
3533
1986
1178
3209
3484
1774
1198
1874
2970
976
2366
432
4533
1200
3167
1273
4853
2347
2331
736
2866
1538
30
1441
900
3109
1932
330
4631
2711
1775
3938
2391
3406
2014
2612
541
2292
870
4051
3146
3934
705
4772
4497
2664
4008
1809
4725
2567
4134
3722
4876
873
1335
1996
1956
4737
2309
375
4842
869
2243
260
4200
3427
3040
1127
4185
555
733
2561
1478
3280
2589
3932
833
258
1944
3235
4100
124
605
2065
3576
3053
4062
1519
2072
19
